128 55 31.925612926483154
128 0 31.925612926483154
128 128 31.856049299240112
128 120 31.786485671997067
128 72 31.786485671997067
128 0 31.786485671997067
128 34 31.479587316513058
128 128 31.49595522880554
130 128 32.1997754573822
149 128 32.1997754573822
157 128 32.1997754573822
167 128 32.1997754573822
196 128 32.1997754573822
233 128 32.1997754573822
255 128 32.1997754573822
255 102 32.1997754573822
255 75 32.1997754573822
255 63 32.1997754573822
255 70 32.281615018844604
255 88 32.281615018844604
255 113 32.281615018844604
255 128 32.281615018844604
173 128 32.281615018844604
128 128 32.281615018844604
112 128 47.66336059570312
89 128 47.66336059570312
69 128 48.29761719703674
58 128 48.29761719703674
18 128 48.29761719703674
0 128 48.29761719703674
0 88 62.55816078186035
0 46 62.55816078186035
0 45 62.55816078186035
1 45 62.55816078186035
1 63 62.55816078186035
90 63 63.87986969947814
90 128 63.87986969947814
128 128 63.87986969947814
161 128 68.23782634735107
207 128 68.23782634735107
245 128 68.23782634735107
255 128 68.23782634735107
255 156 68.23782634735107
255 178 68.23782634735107
255 198 68.23782634735107
255 199 68.23782634735107
255 200 68.23782634735107
255 152 68.23782634735107
255 128 68.23782634735107
128 128 102.18896842002869
146 128 103.01145601272583
177 128 103.01145601272583
208 128 103.01145601272583
229 128 103.01145601272583
251 128 103.01145601272583
255 128 102.5981662273407
255 102 75.39469599723816
255 80 75.39469599723816
255 60 75.39469599723816
255 41 75.39469599723816
255 13 75.39469599723816
255 0 75.39469599723816
229 0 73.56148982048035
229 128 73.56148982048035
128 128 73.56148982048035
128 114 43.57547450065612
128 101 43.57547450065612
128 71 43.57547450065612
128 26 43.57547450065612
128 0 43.149908781051636
106 0 42.924849987030036
74 0 42.924849987030036
23 0 42.924849987030036
3 0 42.924849987030036
0 0 42.924849987030036
0 20 42.924849987030036
0 45 42.924849987030036
0 81 42.924849987030036
0 110 42.924849987030036
0 128 42.924849987030036
0 140 81.47537541389465
0 165 81.47537541389465
0 187 81.47537541389465
0 217 81.47537541389465
0 240 82.24875926971436
0 255 82.24875926971436
8 255 92.30274939537048
74 255 92.30274939537048
74 253 92.30274939537048
118 253 94.03774809837341
118 128 94.03774809837341
128 128 94.03774809837341
92 128 94.03774809837341
16 128 104.46820020675658
0 128 104.46820020675658
0 75 104.46820020675658
0 64 104.46820020675658
0 56 104.98788142204285
0 47 104.98788142204285
0 44 104.98788142204285
0 43 104.98788142204285
0 40 104.98788142204285
0 39 104.98788142204285
0 38 104.98788142204285
0 39 104.98788142204285
0 38 104.46820020675658
0 39 104.46820020675658
0 38 104.46820020675658
0 42 104.26360130310057
0 50 104.26360130310057
0 82 103.51067733764647
0 114 103.51067733764647
0 128 103.51067733764647
25 128 53.8422474861145
113 128 53.8422474861145
128 128 49.99578809738159
128 93 44.92991924285889
100 93 44.92991924285889
100 44 44.92991924285889
64 44 44.92991924285889
64 0 44.92991924285889
40 0 44.92991924285889
24 0 44.92991924285889
35 0 44.520721435546875
44 0 44.520721435546875
49 0 44.520721435546875
48 0 44.520721435546875
49 0 44.520721435546875
48 0 49.99578809738159
49 0 49.99578809738159
47 0 53.8422474861145
41 0 53.8422474861145
22 0 53.8422474861145
10 0 53.8422474861145
0 0 96.83256912231445
0 18 96.83256912231445
0 25 96.83256912231445
0 26 118.23770642280577
0 38 118.23770642280577
0 48 118.23770642280577
0 56 99.23865222930908
0 64 99.23865222930908
0 70 99.23865222930908
0 81 99.23865222930908
0 95 99.23865222930908
0 114 99.23865222930908
0 128 99.23865222930908
0 129 99.23865222930908
0 143 99.23865222930908
0 151 99.23865222930908
0 161 99.23865222930908
0 177 99.23865222930908
0 184 99.23865222930908
0 190 99.23865222930908
0 191 99.23865222930908
0 192 99.23865222930908
0 191 99.23865222930908
0 192 99.23865222930908
0 193 92.38868093490599
0 194 92.38868093490599
0 198 92.38868093490599
0 201 92.38868093490599
0 214 92.38868093490599
0 218 92.38868093490599
0 219 92.38868093490599
0 220 99.59465432167053
0 221 99.59465432167053
0 222 99.59465432167053
0 243 99.59465432167053
0 255 99.59465432167053
29 255 103.51067733764647
82 255 103.51067733764647
112 255 103.51067733764647
128 255 108.79751300811766
128 180 117.63618564605713
128 128 117.63618564605713
128 73 117.63618564605713
128 15 117.63618564605713
128 0 117.63618564605713
120 0 108.79751300811766
109 0 108.79751300811766
100 0 108.79751300811766
94 0 108.79751300811766
86 0 108.79751300811766
81 0 108.79751300811766
74 0 108.79751300811766
58 0 108.79751300811766
49 0 108.79751300811766
32 0 108.79751300811766
19 0 108.79751300811766
14 0 108.79751300811766
11 0 108.79751300811766
7 0 108.79751300811766
0 0 108.79751300811766
0 16 117.63618564605713
0 23 117.63618564605713
0 27 117.63618564605713
0 37 114.62858176231383
0 46 114.62858176231383
0 51 114.62858176231383
0 62 114.62858176231383
0 70 114.62858176231383
0 75 94.77430415153503
0 76 94.77430415153503
0 77 94.77430415153503
0 76 94.77430415153503
0 77 94.77430415153503
0 75 80.75109529495239
0 76 80.75109529495239
0 77 80.75109529495239
0 82 77.80077910423279
0 90 76.22127556800842
0 103 76.22127556800842
0 111 76.22127556800842
0 121 76.22127556800842
0 128 75.05506181716919
0 109 69.768226146698
0 76 69.768226146698
0 64 69.768226146698
0 63 70.16105604171753
0 64 70.16105604171753
0 52 74.89956665039062
0 27 74.89956665039062
0 0 74.89956665039062
15 0 89.38516902923584
16 0 89.38516902923584
17 0 89.38516902923584
18 0 94.75384426116943
19 0 94.75384426116943
27 0 94.75384426116943
39 0 94.75384426116943
51 0 94.75384426116943
53 0 94.75384426116943
59 0 94.75384426116943
66 0 94.75384426116943
74 0 94.75384426116943
80 0 95.8054826259613
86 0 95.8054826259613
93 0 95.8054826259613
100 0 95.8054826259613
106 0 95.8054826259613
111 0 97.17629528045653
121 0 97.17629528045653
128 0 97.17629528045653
134 0 96.07555317878725
161 0 96.07555317878725
182 0 96.07555317878725
194 0 96.07555317878725
200 0 95.8054826259613
205 0 95.8054826259613
210 0 95.8054826259613
216 0 95.8054826259613
225 0 95.8054826259613
234 0 95.8054826259613
238 0 95.8054826259613
241 0 95.8054826259613
246 0 95.8054826259613
255 0 95.15076613426207
255 17 84.95764875411987
255 28 84.95764875411987
255 47 84.95764875411987
255 55 84.95764875411987
255 68 84.95764875411987
255 82 84.90445303916931
255 91 84.90445303916931
255 102 84.90445303916931
255 114 84.63438248634338
255 128 84.63438248634338
218 128 75.96348094940186
128 128 75.96348094940186
128 102 75.96348094940186
128 50 75.96348094940186
128 6 75.96348094940186
128 0 75.96348094940186
126 0 75.96348094940186
124 0 75.96348094940186
123 0 75.96348094940186
124 0 75.96348094940186
125 0 75.96348094940186
128 0 74.95276236534119
124 0 73.45919036865234
104 0 73.45919036865234
86 0 72.63261079788208
78 0 72.63261079788208
60 0 72.63261079788208
51 0 71.56869649887085
46 0 71.56869649887085
42 0 71.56869649887085
36 0 71.56869649887085
22 0 71.56869649887085
15 0 71.56869649887085
7 0 71.56869649887085
0 0 71.56869649887085
0 10 64.84148454666138
0 18 64.84148454666138
0 21 61.71930527687073
0 24 61.71930527687073
0 27 61.71930527687073
0 38 61.71930527687073
0 44 59.914742946624756
0 48 59.914742946624756
0 51 59.914742946624756
0 57 59.914742946624756
0 65 59.914742946624756
0 70 57.49638390541077
0 75 57.49638390541077
0 81 59.914742946624756
0 89 59.914742946624756
0 103 59.914742946624756
0 112 59.914742946624756
0 124 59.914742946624756
0 128 57.49638390541077
0 159 86.15659832954408
0 198 86.15659832954408
0 215 86.15659832954408
0 235 86.15659832954408
0 240 83.80780291557312
0 255 83.80780291557312
3 255 83.80780291557312
8 255 83.80780291557312
9 255 83.80780291557312
15 255 83.80780291557312
17 255 83.89373445510864
16 255 83.89373445510864
17 255 83.89373445510864
31 255 82.17919564247131
65 255 20.304395198822018
96 255 20.304395198822018
123 255 20.304395198822018
128 255 20.304395198822018
166 255 20.304395198822018
181 255 20.304395198822018
182 255 20.304395198822018
184 255 20.304395198822018
192 255 20.304395198822018
198 255 20.304395198822018
207 255 20.304395198822018
223 255 20.304395198822018
240 255 20.304395198822018
247 255 20.304395198822018
248 255 28.0095899105072
247 255 28.0095899105072
248 255 28.0095899105072
250 255 28.0095899105072
255 255 28.214188814163204
255 208 44.483893632888794
255 128 44.483893632888794
255 113 44.483893632888794
255 92 44.483893632888794
255 86 44.483893632888794
255 85 44.483893632888794
255 86 45.03631067276001
255 85 63.93306541442871
255 74 49.807557106018066
255 52 64.41591882705688
242 52 64.41591882705688
242 32 64.41591882705688
183 32 64.41591882705688
183 14 64.41591882705688
128 14 64.41591882705688
128 4 64.41591882705688
128 0 64.41591882705688
71 0 64.41591882705688
0 0 64.41591882705688
0 20 64.41591882705688
0 51 64.41591882705688
0 115 57.85647797584533
0 128 57.85647797584533
0 161 57.85647797584533
0 227 57.85647797584533
0 255 49.807557106018066
7 255 49.807557106018066
18 255 49.807557106018066
38 255 49.807557106018066
55 255 49.807557106018066
73 255 49.807557106018066
93 255 49.807557106018066
128 255 49.807557106018066
128 128 57.85647797584533
125 128 98.49800419807433
125 78 98.49800419807433
11 78 98.49800419807433
11 0 98.49800419807433
8 0 98.49800419807433
6 0 98.29340529441832
5 0 98.29340529441832
0 0 98.29340529441832
0 11 97.36452627182007
0 22 97.36452627182007
0 38 97.36452627182007
0 47 97.36452627182007
0 65 97.36452627182007
0 82 96.49293494224548
0 94 96.49293494224548
0 105 96.49293494224548
0 111 96.49293494224548
0 117 96.49293494224548
0 121 96.49293494224548
0 128 96.49293494224548
0 129 83.70141148567201
0 135 83.10398268699646
0 150 61.54744219779968
0 170 61.54744219779968
0 200 61.54744219779968
0 211 61.54744219779968
0 217 61.54744219779968
0 223 61.54744219779968
0 226 61.54744219779968
0 227 61.54744219779968
0 226 61.54744219779968
0 172 61.54744219779968
0 128 61.54744219779968
0 134 91.45980191230774
99 134 91.45980191230774
128 134 91.45980191230774
128 128 91.45980191230774
137 128 91.45980191230774
137 110 91.45980191230774
138 110 91.45980191230774
138 81 91.45980191230774
138 45 91.45980191230774
128 45 91.45980191230774
128 5 91.45980191230774
128 0 91.45980191230774
107 0 86.03793096542358
75 0 86.03793096542358
20 0 86.03793096542358
0 0 86.03793096542358
0 21 86.03793096542358
0 45 86.03793096542358
0 63 86.03793096542358
0 78 86.03793096542358
0 87 86.03793096542358
0 101 86.03793096542358
0 114 86.03793096542358
0 128 86.03793096542358
0 161 97.91285133361815
0 217 97.91285133361815
0 255 97.91285133361815
61 255 97.91285133361815
126 255 97.91285133361815
128 255 97.91285133361815
147 255 97.91285133361815
174 255 97.91285133361815
187 255 97.91285133361815
190 255 97.56912517547607
192 255 97.56912517547607
202 255 97.56912517547607
217 255 97.56912517547607
222 255 97.56912517547607
221 255 97.56912517547607
220 255 97.56912517547607
208 255 97.56912517547607
200 255 97.56912517547607
195 255 97.56912517547607
193 255 97.56912517547607
187 255 97.56912517547607
174 255 97.56912517547607
146 255 97.56912517547607
128 255 97.56912517547607
128 181 85.11314392089844
128 128 85.11314392089844
128 95 85.11314392089844
128 44 85.11314392089844
128 0 87.25734043121338
101 0 87.25734043121338
89 0 87.25734043121338
88 0 87.25734043121338
87 0 90.91147685050964
82 0 90.91147685050964
78 0 90.91147685050964
76 0 90.91147685050964
73 0 94.01728820800781
72 0 94.01728820800781
69 0 94.01728820800781
68 0 94.01728820800781
67 0 94.01728820800781
68 0 94.01728820800781
63 0 56.99716258049011
39 0 56.99716258049011
8 0 56.99716258049011
0 0 56.99716258049011
0 3 54.21870946884155
0 45 54.21870946884155
0 82 54.21870946884155
0 109 54.21870946884155
0 128 52.03768515586853
0 143 48.93187379837036
0 146 48.93187379837036
0 147 48.93187379837036
0 146 48.93187379837036
0 147 48.93187379837036
0 146 48.93187379837036
0 147 48.93187379837036
0 146 48.93187379837036
0 128 48.93187379837036
0 115 83.48453664779663
0 65 83.48453664779663
26 65 83.48453664779663
26 20 83.48453664779663
81 20 83.48453664779663
81 0 83.48453664779663
113 0 83.48453664779663
128 0 84.40932369232179
85 0 86.03793096542358
80 0 86.03793096542358
51 0 86.03793096542358
13 0 86.03793096542358
0 0 86.03793096542358
0 20 86.03793096542358
0 40 86.03793096542358
0 55 86.03793096542358
0 81 89.67979145050049
0 96 89.67979145050049
0 109 89.67979145050049
0 119 89.67979145050049
0 128 89.67979145050049
0 104 89.67979145050049
0 76 85.74740052223207
0 53 85.74740052223207
0 49 85.74740052223207
0 48 84.85534930229187
0 49 84.85534930229187
0 48 83.00168323516846
0 49 83.00168323516846
0 48 83.00168323516846
0 46 77.69847965240479
0 34 77.69847965240479
0 24 77.69847965240479
0 16 77.69847965240479
0 3 49.377899408340454
0 0 49.377899408340454
7 0 48.088926315307624
13 0 48.088926315307624
18 0 47.05774784088135
29 0 47.05774784088135
50 0 47.05774784088135
78 0 47.05774784088135
98 0 46.85314893722534
121 0 46.85314893722534
128 0 46.85314893722534
128 128 35.61248517036438
128 183 34.360339879989624
128 255 34.360339879989624
135 255 28.729778051376343
136 255 28.729778051376343
137 255 28.729778051376343
136 255 28.729778051376343
137 255 28.729778051376343
139 255 28.729778051376343
141 255 26.790180444717404
145 255 26.790180444717404
151 255 26.790180444717404
164 255 25.145205259323117
180 255 25.145205259323117
199 255 25.145205259323117
217 255 25.145205259323117
234 255 25.145205259323117
252 255 25.145205259323117
255 255 25.145205259323117
255 169 60.61856317520141
255 128 60.61856317520141
227 128 60.61856317520141
215 128 60.61856317520141
204 128 60.61856317520141
169 128 60.61856317520141
128 128 60.61856317520141
128 112 68.66748404502869
128 96 68.8925428390503
128 79 68.8925428390503
128 67 68.8925428390503
128 51 68.8925428390503
128 32 68.8925428390503
128 0 68.8925428390503
121 0 68.72067975997925
83 0 68.72067975997925
48 0 68.72067975997925
10 0 68.72067975997925
0 0 68.72067975997925
0 8 67.80816864967346
0 20 66.64195489883423
0 26 66.64195489883423
0 29 66.64195489883423
0 30 66.64195489883423
0 41 63.5238676071167
0 49 63.5238676071167
0 64 63.5238676071167
0 73 63.5238676071167
0 77 63.5238676071167
0 78 63.5238676071167
0 79 63.5238676071167
0 80 63.5238676071167
0 82 63.5238676071167
0 87 63.5238676071167
0 99 63.5238676071167
0 108 63.5238676071167
0 112 114.6817774772644
0 118 114.6817774772644
0 128 114.6817774772644
0 120 112.4025456905365
12 120 112.4025456905365
115 120 109.51770114898682
115 128 109.51770114898682
128 128 109.51770114898682
139 128 108.65838575363158
178 128 108.65838575363158
206 128 108.65838575363158
211 128 107.78270244598389
211 112 107.78270244598389
207 112 107.78270244598389
207 83 107.78270244598389
177 83 107.78270244598389
177 62 107.78270244598389
128 62 107.78270244598389
128 39 107.78270244598389
128 0 106.63285660743713
171 0 75.5665590763092
227 0 75.5665590763092
255 0 74.96913027763367
255 7 72.25614881515503
255 21 72.25614881515503
255 30 72.25614881515503
255 47 72.25614881515503
255 49 72.25614881515503
255 72 72.25614881515503
255 102 72.25614881515503
255 128 72.25614881515503
255 92 54.255537271499634
231 92 54.255537271499634
231 57 54.255537271499634
176 57 54.255537271499634
176 35 54.255537271499634
128 35 54.255537271499634
128 12 54.255537271499634
128 0 54.255537271499634
139 0 54.255537271499634
173 0 59.60784459114075
194 0 59.60784459114075
200 0 59.60784459114075
201 0 59.60784459114075
199 0 59.60784459114075
146 0 63.036922216415405
128 0 63.036922216415405
111 0 91.3902382850647
92 0 91.3902382850647
79 0 91.3902382850647
56 0 91.47616982460023
49 0 91.47616982460023
45 0 91.47616982460023
43 0 98.41207265853882
57 0 98.41207265853882
87 0 98.41207265853882
116 0 98.41207265853882
128 0 98.41207265853882
118 0 98.41207265853882
92 0 98.41207265853882
80 0 98.41207265853882
61 0 98.41207265853882
48 0 98.41207265853882
18 0 84.80215358734131
7 0 84.80215358734131
0 0 84.80215358734131
0 5 83.75869917869568
0 21 83.75869917869568
0 29 83.37814521789551
0 40 83.37814521789551
0 43 83.37814521789551
0 45 83.37814521789551
0 46 80.03090715408325
0 47 78.1076774597168
0 50 78.1076774597168
0 53 78.1076774597168
0 65 78.1076774597168
0 76 77.3342936038971
0 84 77.3342936038971
0 89 77.3342936038971
0 95 77.3342936038971
0 101 77.3342936038971
0 103 77.3342936038971
0 105 77.3342936038971
0 108 77.3342936038971
0 110 77.3342936038971
0 113 77.3342936038971
0 118 74.43717312812805
0 120 74.43717312812805
0 121 74.43717312812805
0 122 74.43717312812805
0 124 70.38202285766602
0 128 70.38202285766602
0 154 55.798213005065925
0 189 55.798213005065925
0 215 55.798213005065925
0 224 55.798213005065925
0 225 53.960914850234985
0 226 53.960914850234985
0 225 53.960914850234985
0 218 51.40342855453491
0 142 51.40342855453491
0 128 51.40342855453491
103 128 51.40342855453491
128 128 51.40342855453491
128 89 58.09790468215942
128 28 58.09790468215942
128 0 58.09790468215942
124 0 58.09790468215942
128 0 58.09790468215942
128 128 56.55113697052002
128 97 66.36779236793518
85 97 66.36779236793518
85 52 66.36779236793518
79 52 66.36779236793518
79 44 66.36779236793518
76 44 66.36779236793518
76 43 66.36779236793518
57 43 66.36779236793518
57 22 66.36779236793518
48 22 66.36779236793518
48 3 66.36779236793518
38 3 66.36779236793518
38 0 66.36779236793518
26 0 66.36779236793518
24 0 66.36779236793518
16 0 66.36779236793518
0 0 66.36779236793518
0 8 65.52893686294556
0 26 65.52893686294556
0 44 65.52893686294556
0 52 65.58213257789612
0 71 65.58213257789612
0 81 65.58213257789612
0 92 65.58213257789612
0 117 66.36779236793518
0 128 66.36779236793518
14 128 66.36779236793518
72 128 66.36779236793518
72 160 66.36779236793518
127 160 66.36779236793518
127 200 66.36779236793518
128 200 66.36779236793518
128 215 66.36779236793518
128 227 66.36779236793518
128 255 63.57297134399413
129 255 63.57297134399413
135 255 63.57297134399413
134 255 92.50734829902649
136 255 92.50734829902649
137 255 92.50734829902649
136 255 92.50734829902649
134 255 93.26436424255371
135 255 93.26436424255371
134 255 93.26436424255371
133 255 93.26436424255371
134 255 93.36666369438171
135 255 93.36666369438171
136 255 93.36666369438171
140 255 93.36666369438171
149 255 93.36666369438171
169 255 93.36666369438171
183 255 93.26436424255371
203 255 93.26436424255371
222 255 93.26436424255371
255 255 93.26436424255371
255 250 22.06803774833679
255 214 22.06803774833679
255 168 22.06803774833679
255 139 22.06803774833679
255 128 22.06803774833679
255 167 29.535897731781002
255 223 30.894434452056885
255 255 30.894434452056885
238 255 32.44120216369629
217 255 32.44120216369629
201 255 32.44120216369629
183 255 32.44120216369629
175 255 32.44120216369629
169 255 32.44120216369629
161 255 32.44120216369629
149 255 32.44120216369629
133 255 32.44120216369629
128 255 32.44120216369629
112 255 34.68769812583923
102 255 34.68769812583923
89 255 34.68769812583923
83 255 34.68769812583923
74 255 34.68769812583923
59 255 34.68769812583923
54 255 34.68769812583923
52 255 34.68769812583923
51 255 35.096895933151245
47 255 35.096895933151245
45 255 35.096895933151245
44 255 35.096895933151245
42 255 35.096895933151245
30 255 35.096895933151245
22 255 37.31474804878235
19 255 37.31474804878235
17 255 37.31474804878235
12 255 37.31474804878235
10 255 37.31474804878235
8 255 37.31474804878235
6 255 37.31474804878235
5 255 37.31474804878235
4 255 37.31474804878235
3 255 37.31474804878235
0 255 42.15146613121033
4 255 59.4359815120697
4 244 59.4359815120697
29 244 59.46871733665466
29 235 59.46871733665466
76 235 59.46871733665466
76 217 59.46871733665466
110 217 59.46871733665466
110 193 59.46871733665466
128 193 64.84148454666138
128 162 64.84148454666138
128 144 64.84148454666138
128 128 64.84148454666138
117 128 78.96699285507201
101 128 78.96699285507201
88 128 78.96699285507201
81 128 78.96699285507201
81 125 78.96699285507201
75 125 80.17003440856934
75 118 80.17003440856934
71 118 80.17003440856934
71 116 80.17003440856934
72 116 80.17003440856934
87 116 80.17003440856934
87 117 80.17003440856934
128 117 80.17003440856934
128 128 80.17003440856934
116 128 81.52447915077208
85 128 81.52447915077208
39 128 81.52447915077208
39 152 81.52447915077208
0 152 81.52447915077208
0 171 81.52447915077208
0 198 81.52447915077208
0 206 81.52447915077208
0 207 81.52447915077208
0 206 81.52447915077208
0 207 81.52447915077208
0 205 81.52447915077208
0 174 81.52447915077208
0 154 81.52447915077208
0 128 81.52447915077208
0 126 81.59404277801514
0 107 81.59404277801514
0 88 82.07280421257019
0 69 82.07280421257019
0 45 82.07280421257019
0 11 82.07280421257019
0 0 82.07280421257019
12 0 82.07280421257019
49 0 82.07280421257019
70 0 82.07280421257019
82 0 82.07280421257019
85 0 82.07280421257019
88 0 82.07280421257019
92 0 82.07280421257019
95 0 82.07280421257019
102 0 82.07280421257019
105 0 82.07280421257019
106 0 82.07280421257019
102 0 82.07280421257019
91 0 82.07280421257019
92 0 82.07280421257019
123 0 82.07280421257019
123 21 82.07280421257019
128 21 82.07280421257019
128 103 82.07280421257019
128 128 82.07280421257019
128 150 67.8981921672821
128 213 67.8981921672821
128 255 67.8981921672821
127 255 55.364463329315186
124 255 55.364463329315186
121 255 55.364463329315186
116 255 55.364463329315186
107 255 55.364463329315186
98 255 55.364463329315186
95 255 55.364463329315186
94 255 55.364463329315186
95 255 55.364463329315186
94 255 55.3685553073883
87 255 55.3685553073883
51 255 59.3132221698761
0 255 59.3132221698761
0 223 59.3132221698761
0 221 59.898375034332275
0 222 59.898375034332275
0 221 59.898375034332275
0 222 64.75555300712585
0 223 64.75555300712585
0 224 64.75555300712585
0 227 65.63123631477356
0 229 65.63123631477356
0 230 67.55446600914001
0 229 67.55446600914001
0 230 72.49757552146912
0 217 83.03441905975342
0 203 83.03441905975342
0 169 83.03441905975342
0 150 87.03637361526488
0 128 87.03637361526488
0 115 89.60613584518431
0 107 91.80352807044983
0 100 91.80352807044983
0 96 91.80352807044983
0 90 94.68837261199951
0 76 94.68837261199951
0 52 94.68837261199951
0 45 94.68837261199951
0 39 94.68837261199951
0 33 94.68837261199951
0 31 94.68837261199951
0 27 94.68837261199951
13 27 94.68837261199951
13 39 94.68837261199951
128 39 94.68837261199951
128 126 94.68837261199951
128 128 94.68837261199951
128 162 77.97264218330385
128 239 76.04941248893738
128 255 76.04941248893738
120 255 75.55428314208984
94 255 75.55428314208984
77 255 75.55428314208984
48 255 75.55428314208984
18 255 75.55428314208984
7 255 75.55428314208984
0 255 75.55428314208984
0 242 77.52661657333373
0 215 78.50050735473633
0 206 78.50050735473633
0 181 78.50050735473633
0 153 78.50050735473633
0 128 78.81149768829346
128 128 59.28048634529114
126 128 75.20646500587465
84 128 75.20646500587465
24 128 75.20646500587465
0 128 75.20646500587465
47 128 74.44944906234741
128 128 72.92314124107361
148 128 94.13595557212831
186 128 94.13595557212831
216 128 94.13595557212831
236 128 94.13595557212831
253 128 94.36510634422302
255 128 94.36510634422302
128 128 66.43735599517822
127 128 23.35701084136963
104 128 23.34064292907715
80 128 23.34064292907715
25 128 23.34064292907715
0 128 23.34064292907715
0 111 23.34064292907715
0 112 23.34064292907715
0 116 23.34064292907715
0 118 23.34064292907715
0 120 23.34064292907715
0 121 23.34064292907715
0 122 23.324275016784668
0 124 23.324275016784668
0 128 23.324275016784668
2 128 23.152411937713623
128 128 23.152411937713623
107 128 65.95859456062317
59 128 65.95859456062317
13 128 65.95859456062317
0 128 65.95859456062317
128 128 67.29667139053345
149 128 72.23978090286255
175 128 72.23978090286255
198 128 72.23978090286255
215 128 72.23978090286255
236 128 72.23978090286255
255 128 72.23978090286255
198 128 72.65307068824768
128 128 72.65307068824768
88 128 257.7536988258362
14 128 257.7536988258362
0 128 257.7536988258362
128 128 81.64723849296571
128 98 69.3222005367279
128 41 69.33856844902039
128 0 69.33856844902039
128 20 69.33856844902039
128 128 69.33856844902039
126 128 55.79412102699279
92 128 55.79412102699279
47 128 55.76138520240783
0 128 55.76138520240783
161 128 67.32940721511841
128 128 67.32940721511841
139 128 55.54041838645934
155 128 55.249887943267815
176 128 55.249887943267815
200 128 55.249887943267815
222 128 55.249887943267815
242 128 50.048983812332146
255 128 50.048983812332146
128 128 58.61349391937256
128 123 110.75347852706909
128 101 110.75347852706909
128 73 110.66754698753356
128 44 110.66754698753356
128 9 110.66754698753356
128 0 110.66754698753356
144 0 110.2869930267334
164 0 110.2869930267334
172 0 106.06816363334654
172 16 106.06816363334654
128 16 106.06816363334654
128 128 106.06816363334654
128 165 16.269704818725586
128 255 15.01755952835083
128 128 25.81628966331482
128 128 82.10554003715515
128 128 82.10554003715515
128 128 82.10554003715515
128 128 82.10554003715515
128 128 82.4001624584198
128 128 82.4001624584198
128 128 82.4001624584198
128 128 82.4001624584198
128 128 82.4001624584198
128 128 82.4001624584198
128 128 83.29221367836
128 128 83.29221367836
128 128 83.29221367836
128 128 83.29221367836
128 128 83.29221367836
128 128 83.29221367836
128 128 83.48044466972351
128 128 83.48044466972351
128 128 83.48044466972351
128 128 83.48044466972351
128 128 83.48044466972351
128 128 83.48044466972351
128 128 83.29221367836
128 128 83.29221367836
128 128 83.48044466972351
128 128 83.48044466972351
128 128 83.48044466972351
128 128 83.48044466972351
128 128 83.48044466972351
128 128 83.61547994613647
128 128 83.61547994613647
128 128 83.61547994613647
128 128 83.61547994613647
128 128 83.61547994613647
128 128 83.61547994613647
128 127 83.89373445510864
128 114 83.89373445510864
128 107 83.89373445510864
128 96 83.89373445510864
128 81 83.89373445510864
128 68 83.89373445510864
128 52 83.89373445510864
128 45 83.89373445510864
128 42 83.78734302520752
128 41 83.78734302520752
128 40 83.78734302520752
128 42 92.30274939537048
128 49 92.30274939537048
128 77 92.30274939537048
128 110 92.30274939537048
128 128 92.30274939537048
124 128 75.50108742713928
114 128 75.77524995803833
106 128 75.77524995803833
98 128 75.77524995803833
95 128 75.77524995803833
93 128 75.77524995803833
91 128 75.82435369491579
89 128 75.82435369491579
86 128 75.82435369491579
82 128 75.77524995803833
78 128 75.77524995803833
75 128 75.77524995803833
74 128 75.77524995803833
71 128 75.77524995803833
67 128 75.77524995803833
53 128 75.77524995803833
31 128 75.77524995803833
17 128 75.82435369491579
10 128 75.82435369491579
5 128 75.82435369491579
0 128 75.82435369491579
7 128 80.25596594810486
56 128 83.22265005111694
101 128 83.22265005111694
128 128 83.22265005111694
123 128 34.97822856903076
113 128 34.97822856903076
108 128 34.97822856903076
103 128 34.97822856903076
96 128 34.97822856903076
88 128 34.97822856903076
84 128 32.79720425605774
81 128 32.79720425605774
76 128 32.79720425605774
68 128 32.79720425605774
61 128 32.55577754974365
52 128 32.55577754974365
45 128 32.55577754974365
22 128 32.55577754974365
17 128 32.53940963745117
14 128 32.53940963745117
12 128 32.53940963745117
11 128 32.53940963745117
12 128 32.79720425605774
14 128 35.064160108566284
20 128 35.064160108566284
43 128 35.064160108566284
56 128 47.50786542892455
82 128 47.50786542892455
105 128 47.50786542892455
125 128 47.50786542892455
128 128 47.88432741165162
126 128 47.88432741165162
122 128 47.88432741165162
119 128 47.642900705337524
118 128 47.642900705337524
117 128 47.008644104003906
116 128 47.008644104003906
115 128 46.8040452003479
112 128 46.615814208984375
108 128 46.615814208984375
103 128 46.615814208984375
102 128 46.615814208984375
101 128 46.615814208984375
100 128 46.615814208984375
99 128 46.615814208984375
98 128 46.615814208984375
97 128 46.578986406326294
98 128 46.615814208984375
97 128 46.615814208984375
96 128 46.615814208984375
94 128 46.615814208984375
93 128 46.615814208984375
92 128 46.8040452003479
91 128 46.8040452003479
90 128 46.8040452003479
89 128 46.8040452003479
87 128 46.8040452003479
85 128 46.82041311264038
84 128 46.87360882759094
83 128 46.87360882759094
82 128 46.87360882759094
81 128 46.82041311264038
80 128 46.82041311264038
79 128 46.87360882759094
77 128 47.02501201629639
76 128 47.02501201629639
75 128 47.06183981895447
71 128 47.06183981895447
68 128 47.06183981895447
65 128 47.43830180168152
64 128 47.43830180168152
63 128 47.43830180168152
61 128 47.83113169670104
60 128 47.83113169670104
59 128 47.83113169670104
58 128 47.83113169670104
57 128 47.83113169670104
56 128 47.83113169670104
52 128 47.83113169670104
49 128 47.76566004753112
43 128 47.76566004753112
31 128 47.76566004753112
25 128 47.76566004753112
22 128 47.76566004753112
18 128 47.76566004753112
15 128 47.76566004753112
10 128 47.76566004753112
7 128 47.76566004753112
6 128 47.76566004753112
5 128 47.76566004753112
6 128 47.76566004753112
9 128 47.76566004753112
15 128 47.76566004753112
19 128 47.76566004753112
26 128 47.76566004753112
47 128 47.76566004753112
60 128 47.95389103889465
75 128 47.95389103889465
82 128 47.95389103889465
81 128 47.95389103889465
81 135 50.92057514190673
85 135 50.92057514190673
85 143 50.92057514190673
85 145 50.92057514190673
85 147 50.92057514190673
85 150 50.92057514190673
85 151 105.82673692703246
85 152 105.82673692703246
86 152 105.82673692703246
86 156 105.82673692703246
85 156 107.52490782737732
85 159 107.52490782737732
85 161 107.52490782737732
85 166 107.52490782737732
85 171 107.52490782737732
85 175 107.52490782737732
85 178 107.52490782737732
85 180 107.52490782737732
85 182 107.52490782737732
85 189 107.52490782737732
85 196 107.52490782737732
85 200 107.52490782737732
85 202 107.52490782737732
85 206 107.52490782737732
85 211 107.52490782737732
85 212 107.52490782737732
84 212 107.52490782737732
84 214 107.52490782737732
83 214 107.52490782737732
83 215 107.52490782737732
83 217 107.32030892372131
82 217 107.32030892372131
82 219 107.32030892372131
80 219 107.32030892372131
80 222 107.32030892372131
78 222 107.32030892372131
78 223 107.32030892372131
75 223 106.94384694099426
75 226 106.94384694099426
73 226 106.94384694099426
73 227 106.94384694099426
66 227 106.94384694099426
60 227 106.94384694099426
60 228 106.94384694099426
55 228 106.94384694099426
55 229 106.94384694099426
52 229 106.94384694099426
52 231 106.94384694099426
52 232 106.94384694099426
51 232 106.94384694099426
51 233 106.94384694099426
51 234 106.94384694099426
51 233 107.32030892372131
52 233 107.32030892372131
52 232 107.32030892372131
51 232 107.32030892372131
51 233 107.32030892372131
52 233 107.32030892372131
51 233 107.32030892372131
51 232 109.41130971908568
51 233 109.41130971908568
50 233 109.41130971908568
49 233 109.41130971908568
49 231 109.41130971908568
49 214 113.24140119552612
49 181 113.24140119552612
49 162 113.24140119552612
49 156 113.24140119552612
49 152 113.24140119552612
48 152 113.24140119552612
48 153 113.24140119552612
34 153 113.24140119552612
34 152 113.24140119552612
20 152 113.24140119552612
20 153 113.24140119552612
12 153 113.24140119552612
9 153 113.24140119552612
9 156 113.24140119552612
2 156 113.24140119552612
2 161 113.24140119552612
0 161 113.24140119552612
0 168 113.24140119552612
0 173 113.24140119552612
0 180 113.24140119552612
0 184 113.24140119552612
0 192 113.24140119552612
0 196 113.24140119552612
0 199 113.24140119552612
0 200 113.24140119552612
0 201 113.24140119552612
0 202 113.24140119552612
0 203 106.9111111164093
0 204 106.9111111164093
0 207 106.9111111164093
0 211 106.9111111164093
0 214 105.51574659347534
0 222 105.51574659347534
0 235 105.51574659347534
2 235 105.51574659347534
2 252 105.51574659347534
14 252 95.06892657279968
14 255 95.06892657279968
19 255 95.06892657279968
29 255 95.06892657279968
35 255 95.06892657279968
41 255 91.2879388332367
45 255 91.2879388332367
52 255 91.2879388332367
58 255 63.50340771675109
67 255 63.50340771675109
73 255 63.50340771675109
79 255 63.50340771675109
86 255 63.50340771675109
90 255 63.50340771675109
92 255 63.50340771675109
93 255 63.50340771675109
94 255 72.70217442512512
101 255 72.70217442512512
110 255 72.70217442512512
111 255 75.01823401451111
110 255 75.01823401451111
111 255 34.8227334022522
110 255 34.393075704574585
111 255 34.393075704574585
114 255 34.000245809555054
118 255 34.000245809555054
124 255 34.000245809555054
126 255 34.000245809555054
126 253 34.000245809555054
126 252 34.000245809555054
126 251 34.000245809555054
127 251 34.000245809555054
127 247 34.000245809555054
126 247 34.000245809555054
126 239 34.000245809555054
126 215 34.000245809555054
126 179 34.000245809555054
128 179 34.069809436798096
128 129 34.069809436798096
128 128 34.069809436798096
128 127 34.069809436798096
128 102 34.069809436798096
128 84 34.069809436798096
128 64 34.069809436798096
128 42 34.065717458724976
128 11 34.065717458724976
128 0 34.065717458724976
120 0 34.065717458724976
121 0 34.069809436798096
126 0 34.069809436798096
128 0 34.069809436798096
137 0 33.98387789726257
161 0 33.98387789726257
174 0 33.98387789726257
179 0 33.98387789726257
184 0 33.98387789726257
185 0 33.98387789726257
184 0 33.98387789726257
185 0 33.98387789726257
195 0 34.065717458724976
214 0 34.065717458724976
245 0 34.065717458724976
255 0 34.065717458724976
255 2 32.952699422836304
255 20 32.952699422836304
255 36 32.952699422836304
255 46 32.952699422836304
255 51 32.952699422836304
255 77 32.952699422836304
255 91 32.952699422836304
255 111 32.952699422836304
255 128 32.952699422836304
255 135 40.35099577903747
255 151 40.35099577903747
255 153 40.35099577903747
255 154 40.35099577903747
255 153 40.35099577903747
255 154 40.35099577903747
255 155 40.35099577903747
255 154 40.35099577903747
255 153 40.35099577903747
255 154 40.35099577903747
255 153 27.665863752365112
255 160 27.665863752365112
255 179 27.665863752365112
255 211 27.665863752365112
255 232 27.665863752365112
255 250 27.665863752365112
255 255 27.665863752365112
245 255 59.36641788482666
227 255 59.36641788482666
201 255 59.36641788482666
169 255 59.36641788482666
128 255 69.61273097991943
122 255 73.56148982048035
97 255 77.74758338928223
77 255 77.74758338928223
43 255 77.74758338928223
16 255 77.74758338928223
0 255 77.74758338928223
0 239 78.55370306968688
0 206 78.55370306968688
0 173 81.23394870758057
0 152 81.23394870758057
0 130 81.23394870758057
0 128 81.23394870758057
0 123 88.20258736610414
0 108 88.20258736610414
0 105 89.9866898059845
0 104 89.9866898059845
0 101 89.9866898059845
0 97 89.9866898059845
0 93 90.22402453422546
0 92 90.22402453422546
0 98 92.60964775085449
0 110 92.60964775085449
0 128 92.60964775085449
43 128 59.517821073532104
84 128 59.517821073532104
91 128 59.517821073532104
85 128 85.02721238136293
20 128 85.02721238136293
20 78 85.02721238136293
0 78 85.02721238136293
0 21 85.02721238136293
0 14 92.69557929039
0 0 92.69557929039
12 0 92.69557929039
45 0 92.69557929039
83 0 92.69557929039
121 0 92.69557929039
128 0 118.01264762878418
146 0 118.01264762878418
184 0 94.58198118209839
214 0 94.58198118209839
252 0 94.58198118209839
255 0 94.58198118209839
255 1 92.69557929039
255 30 89.55703210830688
255 52 89.55703210830688
255 84 89.55703210830688
255 110 89.55703210830688
255 128 89.55703210830688
255 117 66.91611742973328
242 117 66.91611742973328
242 98 66.91611742973328
226 98 66.91611742973328
226 81 66.91611742973328
227 81 67.43170666694641
227 73 67.43170666694641
231 73 67.43170666694641
231 68 67.43170666694641
244 68 67.43170666694641
244 60 67.43170666694641
248 60 70.79940462112427
248 54 70.79940462112427
250 54 70.79940462112427
250 51 70.79940462112427
252 51 70.79940462112427
252 47 70.79940462112427
252 43 70.79940462112427
255 43 70.79940462112427
255 33 70.79940462112427
255 28 73.45919036865234
255 19 73.45919036865234
255 12 73.45919036865234
255 7 73.45919036865234
255 5 73.54512190818787
255 0 73.54512190818787
225 0 99.90564465522766
202 0 99.90564465522766
190 0 99.90564465522766
161 0 99.90564465522766
128 0 99.90564465522766
127 0 99.90564465522766
119 0 99.90564465522766
117 0 99.90564465522766
112 0 97.79418396949768
103 0 97.79418396949768
98 0 97.79418396949768
91 0 97.79418396949768
87 0 97.79418396949768
84 0 95.51086020469666
83 0 95.51086020469666
81 0 95.51086020469666
72 0 95.51086020469666
57 0 95.51086020469666
51 0 95.51086020469666
45 0 95.51086020469666
43 0 95.51086020469666
42 0 95.51086020469666
41 0 92.28638148307799
42 0 92.28638148307799
51 0 92.28638148307799
86 0 92.28638148307799
125 0 91.34113454818724
128 0 91.34113454818724
128 21 90.27722024917603
156 21 90.27722024917603
156 32 90.27722024917603
195 32 90.27722024917603
195 42 90.27722024917603
221 42 88.33762264251709
221 44 88.33762264251709
247 44 88.33762264251709
255 44 88.33762264251709
255 43 81.25031661987305
255 42 81.25031661987305
255 41 79.06929230690001
255 40 79.06929230690001
255 34 77.98901009559631
223 34 77.98901009559631
223 19 77.98901009559631
161 19 77.98901009559631
161 0 77.98901009559631
128 0 77.98901009559631
126 0 75.22283291816711
112 0 75.22283291816711
88 0 74.33078169822693
79 0 74.33078169822693
57 0 74.33078169822693
48 0 74.33078169822693
47 0 72.34208035469055
46 0 72.34208035469055
63 0 72.34208035469055
82 0 70.26335549354553
81 0 70.26335549354553
82 0 70.26335549354553
84 0 68.60201239585876
116 0 68.60201239585876
128 0 64.73918509483337
128 8 64.73918509483337
128 27 64.73918509483337
128 43 64.73918509483337
128 49 64.73918509483337
128 52 64.73918509483337
128 55 64.73918509483337
128 46 64.73918509483337
128 24 64.73918509483337
95 24 58.781265020370476
95 0 58.781265020370476
56 0 58.781265020370476
11 0 58.781265020370476
0 0 58.781265020370476
11 0 56.432469606399536
63 0 56.432469606399536
121 0 56.0191798210144
128 0 56.0191798210144
128 3 56.0191798210144
128 21 56.0191798210144
128 32 53.89135122299194
128 47 53.89135122299194
128 66 53.89135122299194
139 66 53.89135122299194
139 83 53.89135122299194
153 83 53.89135122299194
153 86 53.89135122299194
175 86 56.0191798210144
175 89 56.0191798210144
210 89 56.0191798210144
210 101 56.0191798210144
253 101 56.0191798210144
253 112 56.0191798210144
255 112 56.0191798210144
255 114 56.0191798210144
255 128 52.532814502716064
255 126 42.22102975845337
255 108 42.22102975845337
255 95 42.22102975845337
241 95 42.22102975845337
241 94 42.22102975845337
160 94 42.22102975845337
160 92 42.22102975845337
128 92 42.22102975845337
128 116 42.22102975845337
128 128 42.22102975845337
